P =
  Columns 1 through 13 
0.0100    0.0200    0.0300    0.0400    0.0500    0.0600    0.0700    0.0800    0.0900    0.1000    0.1100    0.1200    0.1300
  Columns 14 through 26 
0.1400    0.1500    0.1600    0.1700    0.1800    0.1900    0.2000    0.2100    0.2200    0.2300    0.2400    0.2500    0.2600
  Columns 27 through 39 
0.2700    0.2800    0.2900    0.3000    0.3100    0.3200    0.3300    0.3400    0.3500    0.3600    0.3700    0.3800    0.3900
  Columns 40 through 52 
0.4000    0.4100    0.4200    0.4300    0.4400    0.4500    0.4600    0.4700    0.4800    0.4900    0.5000    0.5100    0.5200
  Columns 53 through 65 
0.5300    0.5400    0.5500    0.5600    0.5700    0.5800    0.5900    0.6000    0.6100    0.6200    0.6300    0.6400    0.6500
  Columns 66 through 78 
0.6600    0.6700    0.6800    0.6900    0.7000    0.7100    0.7200    0.7300    0.7400    0.7500    0.7600    0.7700    0.7800
  Columns 79 through 91 
0.7900    0.8000    0.8100    0.8200    0.8300    0.8400    0.8500    0.8600    0.8700    0.8800    0.8900    0.9000    0.9100
  Columns 92 through 100 
0.9200    0.9300    0.9400    0.9500    0.9600    0.9700    0.9800    0.9900    1.0000
RHO2 =
  Columns 1 through 13
0.4918    0.4921    0.4924    0.4930    0.4937    0.4945    0.4956    0.4967    0.4981    0.4996    0.5013    0.5032    0.5052
  Columns 14 through 26 
0.5074    0.5099    0.5125    0.5153    0.5183    0.5216    0.5251    0.5288    0.5327    0.5370    0.5415    0.5462    0.5513
  Columns 27 through 39
0.5567    0.5624    0.5685    0.5750    0.5819    0.5892    0.5969    0.6052    0.6139    0.6232    0.6332    0.6438    0.6551
  Columns 40 through 52
0.6671    0.6800    0.6938    0.7086    0.7245    0.7416    0.7600    0.7798    0.8011    0.8242    0.8491    0.8761    0.9054
  Columns 53 through 65
0.9369    0.9710    1.0077    1.0469    1.0887    1.1328    1.1789    1.2264    1.2747    1.3232    1.3711    1.4180    1.4632
  Columns 66 through 78 
1.5066    1.5479    1.5869    1.6238    1.6585    1.6911    1.7217    1.7505    1.7776    1.8031    1.8272    1.8498    1.8713
  Columns 79 through 91
1.8915    1.9107    1.9289    1.9461    1.9625    1.9781    1.9929    2.0071    2.0206    2.0335    2.0458    2.0576    2.0689
  Columns 92 through 100
2.0798    2.0902    2.1002    2.1098    2.1190    2.1279    2.1364    2.1446    2.1526