P =
  Columns 1 through 16 
0.0100    0.0200    0.0300    0.0400    0.0500    0.0600    0.0700    0.0800    0.0900    0.1000    0.1100    0.1200    0.1300    0.1400    0.1500    0.1600
  Columns 17 through 32 
0.1700    0.1800    0.1900    0.2000    0.2100    0.2200    0.2300    0.2400    0.2500    0.2600    0.2700    0.2800    0.2900    0.3000    0.3100    0.3200
  Columns 33 through 48 
0.3300    0.3400    0.3500    0.3600    0.3700    0.3800    0.3900    0.4000    0.4100    0.4200    0.4300    0.4400    0.4500    0.4600    0.4700    0.4800
  Columns 49 through 64 
0.4900    0.5000    0.5100    0.5200    0.5300    0.5400    0.5500    0.5600    0.5700    0.5800    0.5900    0.6000    0.6100    0.6200    0.6300    0.6400
  Columns 65 through 80 
0.6500    0.6600    0.6700    0.6800    0.6900    0.7000    0.7100    0.7200    0.7300    0.7400    0.7500    0.7600    0.7700    0.7800    0.7900    0.8000
  Columns 81 through 96 
0.8100    0.8200    0.8300    0.8400    0.8500    0.8600    0.8700    0.8800    0.8900    0.9000    0.9100    0.9200    0.9300    0.9400    0.9500    0.9600
  Columns 97 through 100 
0.9700    0.9800    0.9900    1.0000
RHO4 =
  Columns 1 through 16 
0.4103    0.4104    0.4106    0.4109    0.4113    0.4117    0.4123    0.4129    0.4137    0.4145    0.4155    0.4165    0.4177    0.4189    0.4203    0.4217
  Columns 17 through 32 
0.4233    0.4250    0.4269    0.4288    0.4309    0.4331    0.4355    0.4380    0.4407    0.4436    0.4466    0.4498    0.4532    0.4568    0.4606    0.4646
  Columns 33 through 48 
0.4689    0.4734    0.4782    0.4833    0.4887    0.4944    0.5005    0.5069    0.5138    0.5211    0.5289    0.5372    0.5461    0.5557    0.5659    0.5769
  Columns 49 through 64 
0.5888    0.6016    0.6156    0.6307    0.6473    0.6654    0.6854    0.7076    0.7323    0.7599    0.7912    0.8268    0.8678    0.9156    0.9720    1.0394
  Columns 65 through 80 
1.1215    1.2228    1.3494    1.5078    1.7024    1.9313    2.1852    2.4522    2.7238    2.9960    3.2683    3.5417    3.8187    4.1018    4.3943    4.6996
  Columns 81 through 96 
5.0217    5.3654    5.7363    6.1411    6.5885    7.0893    7.6578    8.3127    9.0797    9.9947   11.1090   12.4994   14.2856   16.6667   20.0000   25.0000
  Columns 97 through 100 
33.3333   50.0000  100.0000  130.0000