P =
  Columns 1 through 13 
0.0100    0.0200    0.0300    0.0400    0.0500    0.0600    0.0700    0.0800    0.0900    0.1000    0.1100    0.1200    0.1300    
  Columns 14 through 26 
0.1400    0.1500    0.1600    0.1700    0.1800    0.1900    0.2000    0.2100    0.2200    0.2300    0.2400    0.2500    0.2600
  Columns 27 through 39 
0.2700    0.2800    0.2900    0.3000    0.3100    0.3200    0.3300    0.3400    0.3500    0.3600    0.3700    0.3800    0.3900
  Columns 40 through 52 
0.4000    0.4100    0.4200    0.4300    0.4400    0.4500    0.4600    0.4700    0.4800    0.4900    0.5000    0.5100    0.5200
  Columns 53 through 65 
0.5300    0.5400    0.5500    0.5600    0.5700    0.5800    0.5900    0.6000    0.6100    0.6200    0.6300    0.6400    0.6500
  Columns 66 through 78 
0.6600    0.6700    0.6800    0.6900    0.7000    0.7100    0.7200    0.7300    0.7400    0.7500    0.7600    0.7700    0.7800
  Columns 79 through 91 
0.7900    0.8000    0.8100    0.8200    0.8300    0.8400    0.8500    0.8600    0.8700    0.8800    0.8900    0.9000    0.9100
  Columns 92 through 100 
0.9200    0.9300    0.9400    0.9500    0.9600    0.9700    0.9800    0.9900    1.0000
RHO3 =
  Columns 1 through 13 
0.4162    0.4164    0.4166    0.4169    0.4173    0.4178    0.4184    0.4191    0.4199    0.4208    0.4218    0.4229    0.4242
  Columns 14 through 26 
0.4255    0.4270    0.4286    0.4303    0.4321    0.4340    0.4362    0.4384    0.4408    0.4434    0.4461    0.4490    0.4521
  Columns 27 through 39 
0.4553    0.4588    0.4625    0.4664    0.4705    0.4749    0.4795    0.4845    0.4897    0.4953    0.5012    0.5075    0.5141
  Columns 40 through 52 
0.5212    0.5288    0.5369    0.5455    0.5547    0.5647    0.5753    0.5868    0.5991    0.6125    0.6271    0.6429    0.6602
  Columns 53 through 65 
0.6791    0.7000    0.7231    0.7488    0.7775    0.8099    0.8467    0.8887    0.9371    0.9935    1.0595    1.1373    1.2291
  Columns 66 through 78 
1.3366    1.4600    1.5965    1.7403    1.8843    2.0224    2.1513    2.2694    2.3771    2.4749    2.5639    2.6451    2.7194
  Columns 79 through 91 
2.7877    2.8506    2.9088    2.9628    3.0131    3.0600    3.1040    3.1452    3.1839    3.2205    3.2550    3.2877    3.3186
 Columns 92 through 100 
3.3480    3.3759    3.4025    3.4279    3.4521    3.4752    3.4973    3.5185    3.5388    