P =
  Columns 1 through 16 
0.0100    0.0200    0.0300    0.0400    0.0500    0.0600    0.0700    0.0800    0.0900    0.1000    0.1100    0.1200    0.1300    0.1400    0.1500    0.1600
  Columns 17 through 32 
0.1700    0.1800    0.1900    0.2000    0.2100    0.2200    0.2300    0.2400    0.2500    0.2600    0.2700    0.2800    0.2900    0.3000    0.3100    0.3200
  Columns 33 through 48 
0.3300    0.3400    0.3500    0.3600    0.3700    0.3800    0.3900    0.4000    0.4100    0.4200    0.4300    0.4400    0.4500    0.4600    0.4700    0.4800
  Columns 49 through 64 
0.4900    0.5000    0.5100    0.5200    0.5300    0.5400    0.5500    0.5600    0.5700    0.5800    0.5900    0.6000    0.6100    0.6200    0.6300    0.6400
  Columns 65 through 80 
0.6500    0.6600    0.6700    0.6800    0.6900    0.7000    0.7100    0.7200    0.7300    0.7400    0.7500    0.7600    0.7700    0.7800    0.7900    0.8000
  Columns 81 through 96 
0.8100    0.8200    0.8300    0.8400    0.8500    0.8600    0.8700    0.8800    0.8900    0.9000    0.9100    0.9200    0.9300    0.9400    0.9500    0.9600
  Columns 97 through 100 
0.9700    0.9800    0.9900    1.0000
RHO7 =
  Columns 1 through 16 
0.4275    0.4276    0.4279    0.4282    0.4286    0.4292    0.4298    0.4306    0.4314    0.4324    0.4335    0.4347    0.4360    0.4374    0.4390    0.4407
  Columns 17 through 32 
0.4425    0.4445    0.4466    0.4489    0.4514    0.4540    0.4567    0.4597    0.4629    0.4662    0.4698    0.4736    0.4776    0.4818    0.4864    0.4912
  Columns 33 through 48 
0.4963    0.5017    0.5075    0.5136    0.5202    0.5271    0.5345    0.5425    0.5510    0.5600    0.5698    0.5803    0.5915    0.6037    0.6169    0.6312
  Columns 49 through 64 
0.6468    0.6638    0.6825    0.7031    0.7258    0.7512    0.7797    0.8118    0.8484    0.8904    0.9392    0.9966    1.0648    1.1473    1.2481    1.3722
  Columns 65 through 80 
1.5244    1.7055    1.9082    2.1168    2.3156    2.4961    2.6561    2.7970    2.9213    3.0317    3.1302    3.2188    3.2989    3.3718    3.4385    3.4998
  Columns 81 through 96 
3.5563    3.6087    3.6574    3.7029    3.7454    3.7852    3.8227    3.8580    3.8913    3.9228    3.9527    3.9811    4.0080    4.0337    4.0582    4.0815
  Columns 97 through 100 
 4.1039    4.1252    4.1457    4.1653    