P =
  Columns 1 through 19 
0.0100    0.0200    0.0300    0.0400    0.0500    0.0600    0.0700    0.0800    0.0900    0.1000    0.1100    0.1200    0.1300    0.1400    0.1500    0.1600    0.1700    0.1800    0.1900
  Columns 20 through 38 
0.2000    0.2100    0.2200    0.2300    0.2400    0.2500    0.2600    0.2700    0.2800    0.2900    0.3000    0.3100    0.3200    0.3300    0.3400    0.3500    0.3600    0.3700    0.3800
  Columns 39 through 57 
0.3900    0.4000    0.4100    0.4200    0.4300    0.4400    0.4500    0.4600    0.4700    0.4800    0.4900    0.5000    0.5100    0.5200    0.5300    0.5400    0.5500    0.5600    0.5700
  Columns 58 through 76 
0.5800    0.5900    0.6000    0.6100    0.6200    0.6300    0.6400    0.6500    0.6600    0.6700    0.6800    0.6900    0.7000    0.7100    0.7200    0.7300    0.7400    0.7500    0.7600
  Columns 77 through 95 
0.7700    0.7800    0.7900    0.8000    0.8100    0.8200    0.8300    0.8400    0.8500    0.8600    0.8700    0.8800    0.8900    0.9000    0.9100    0.9200    0.9300    0.9400    0.9500
  Columns 96 through 100 
0.9600    0.9700    0.9800    0.9900    1.0000
RHO8 =
  Columns 1 through 19 
0.4206    0.4208    0.4210    0.4213    0.4217    0.4222    0.4228    0.4235    0.4243    0.4252    0.4262    0.4273    0.4285    0.4299    0.4313    0.4329    0.4346    0.4364    0.4384
  Columns 20 through 38 
0.4405    0.4427    0.4451    0.4477    0.4504    0.4533    0.4564    0.4596    0.4631    0.4667    0.4706    0.4747    0.4791    0.4837    0.4886    0.4939    0.4994    0.5053    0.5115
  Columns 39 through 57 
0.5181    0.5252    0.5328    0.5408    0.5494    0.5586    0.5685    0.5791    0.5906    0.6029    0.6162    0.6307    0.6465    0.6637    0.6827    0.7035    0.7267    0.7525    0.7814
  Columns 58 through 76 
0.8142    0.8514    0.8943    0.9442    1.0027    1.0725    1.1565    1.2587    1.3838    1.5361    1.7175    1.9258    2.1543    2.3951    2.6418    2.8912    3.1421    3.3951    3.6516
  Columns 77 through 95 
3.9136    4.1836    4.4644    4.7594    5.0722    5.4074    5.7707    6.1686    6.6099    7.1053    7.6691    8.3202    9.0843    9.9972    11.1101    12.4998    14.2857    16.6667    20.0000
  Columns 96 through 100 
25.0000    33.3333    50.0000    100.0000    130.0000